6.42241
4.18693
3.47789
2.9523
2.35554
2.13412
1.72769
1.03292
0.797003
0.605869
0.450992
0.386703
0.273896
0.605869
0.797003
0.182522
0.325448
0.223589
0.140732
0.10851
0.0725892
0.0725892
0.450992
0.0485596
0
0
0
0
0
0
0
0
0
0
0
0
0
0
0
0
0
0
0
0
0
0
0
0
0
0
0
0
0
0
0
0
0
0
0
0
0
0
0
0
0
0
0
0
0
0
0
0
0
0
0
0
0
0
0
0
0
0
0
0
0
0
0
0
0
0
0
0
0
0
0
0
0
0
0
0
0
0
0
0
0
0
0
0
0
0
0
0
0
0
0
0
0
0
0
0
0
0
0
0
0
0
0
0
0
0
0
0
0
0
0
0
0
0
0
0
0
0
0
0
0
0
0
0
0
0
0
0
0
0
0
0
0
0
0
0
0
0
0
0
0
0
0
0
0
0
0
0
0
0
0
0
0
0
0
0
0
0
0
0
0
0
0
0
0
0
0
0
0
0
0
0
0
0
0
0
4.82172
4.67649
3.74862
2.9523
2.41757
2.28588
1.45738
2.99705
1.23469
1.04535
0.605869
0.450992
0.325448
0.797003
1.03292
0.605869
0.450992
0.273896
0.223589
0.182522
0.325448
0.140732
2.38828
1.32415
0.10851
0.223589
0.140732
0.0725892
0.0725892
0.0485596
0.0485596
0
0
0
0
0
0
0
0
0
0
0
0
0
0
0
0
0
0
0
0
0
0
0
0
0
0
0
0
0
0
0
0
0
0
0
0
0
0
0
0
0
0
0
0
0
0
0
0
0
0
0
0
0
0
0
0
0
0
0
0
0
0
0
0
0
0
0
0
0
0
0
0
0
0
0
0
0
0
0
0
0
0
0
0
0
0
0
0
0
0
0
0
0
0
0
0
0
0
0
0
0
0
0
0
0
0
0
0
0
0
0
0
0
0
0
0
0
0
0
0
0
0
0
0
0
0
0
0
0
0
0
0
0
0
0
0
0
0
0
0
0
0
0
0
0
0
0
0
0
0
0
0
0
0
0
0
0
0
0
0
0
0
0
0
0
0
0
0
0
3.7541
5.822
4.18693
3.13739
2.32102
1.77056
6.4907
3.74862
1.8198
2.56219
1.29395
0.910171
0.697906
0.52597
1.03292
1.49575
0.797003
0.386703
0.605869
0.450992
1.89517
0.325448
0.273896
0.223589
0.52597
0.386703
0.182522
0.273896
0.140732
0.182522
0.10851
0.10851
0.0725892
0.0725892
0.697906
0.182522
0.0485596
0.10851
0.0485596
0.0485596
0
0
0
0
0
0
0
0
0
0
0
0
0
0
0
0
0
0
0
0
0
0
0
0
0
0
0
0
0
0
0
0
0
0
0
0
0
0
0
0
0
0
0
0
0
0
0
0
0
0
0
0
0
0
0
0
0
0
0
0
0
0
0
0
0
0
0
0
0
0
0
0
0
0
0
0
0
0
0
0
0
0
0
0
0
0
0
0
0
0
0
0
0
0
0
0
0
0
0
0
0
0
0
0
0
0
0
0
0
0
0
0
0
0
0
0
0
0
0
0
0
0
0
0
0
0
0
0
0
0
0
0
0
0
0
0
0
0
0
0
0
0
0
0
0
0
0
0
0
0
0
0
0
0
0
0
0
0
0
0
7.12379
4.18693
3.47789
2.9523
2.35554
1.79034
1.32415
1.03292
1.53459
0.605869
0.450992
0.325448
0.223589
0.605869
0.797003
0.450992
0.325448
0.223589
0.182522
1.03292
0.182522
0.273896
0.182522
0.386703
0.273896
0.182522
0.140732
0.10851
0.10851
0.0725892
0.0725892
0.0485596
0.0485596
0
0
0
0
0
0
0
0
0
0
0
0
0
0
0
0
0
0
0
0
0
0
0
0
0
0
0
0
0
0
0
0
0
0
0
0
0
0
0
0
0
0
0
0
0
0
0
0
0
0
0
0
0
0
0
0
0
0
0
0
0
0
0
0
0
0
0
0
0
0
0
0
0
0
0
0
5.82252
4.18693
3.47789
2.9523
2.35554
2.28588
1.45738
1.03292
0.797003
0.605869
0.450992
0.325448
0.223589
0.605869
0.450992
0.325448
0.182522
0.797003
0.223589
0.140732
0.10851
0.0725892
0.0725892
0.140732
0.0485596
0.0485596
0
4.57694
4.67649
5.9595
3.74862
3.24663
2.38828
2.30465
1.49575
1.17223
0.910171
0.697906
0.52597
0.910171
1.17223
0.756211
0.450992
0.52597
0.325448
0.386703
0.273896
0.223589
0.182522
1.49575
0.140732
0.10851
0.273896
0.386703
0.182522
0.10851
0.0725892
0.0725892
0.0485596
0.0485596
0
7.2595
5.2179
4.18693
3.47789
2.9523
2.35554
1.68366
1.6149
1.17223
0.910171
0.697906
0.52597
0.386703
0.910171
0.697906
1.17223
0.52597
0.325448
0.223589
0.273896
0.386703
0.182522
0.140732
0.10851
0.273896
0.182522
0.0725892
0.10851
0.0485596
0.0485596
0.0485596
0
5.83213
4.18693
3.47789
2.9523
2.49919
1.79034
1.32415
5.2179
1.03292
0.797003
0.605869
0.450992
0.386703
0.797003
1.03292
0.605869
0.450992
0.325448
0.223589
0.273896
0.182522
0.140732
1.32415
0.140732
0.273896
0.182522
0.140732
0.325448
0.223589
0.140732
0.10851
0.0725892
0.0725892
0.0725892
0.0485596
0
7.05351
4.67649
3.74862
3.24663
2.77843
1.89517
1.6149
1.17223
1.46663
0.697906
0.605869
0.797003
1.03292
0.450992
0.325448
0.52597
0.386703
0.223589
0.273896
0.182522
0.140732
0.10851
0.0725892
0.182522
0.273896
0.10851
0.0485596
0.0485596
0
6.17951
4.67649
3.74862
3.24663
2.75449
1.89517
1.49575
1.75894
1.095
0.797003
0.605869
0.450992
0.325448
0.697906
0.52597
0.223589
0.386703
0.273896
1.03292
0.182522
0.140732
0.10851
0.0725892
0.182522
0.0725892
0.0485596
0.10851
0
7.38981
3.74862
3.24663
2.75449
2.44586
1.49575
4.67649
5.9595
1.17223
0.910171
0.697906
0.52597
2.99705
0.386703
0.910171
1.17223
2.38828
0.697906
1.49575
0.52597
0.325448
0.273896
0.386703
0.223589
0.182522
0.450992
0.140732
0.273896
0.182522
0.10851
0.10851
0.0725892
0.0725892
1.89517
0.0485596
0.140732
0.0485596
0
6.38346
6.11497
4.18693
3.47789
2.9523
2.49919
1.79034
1.32415
1.03292
0.797003
0.605869
0.450992
0.325448
0.797003
1.03292
0.605869
0.450992
0.223589
0.325448
0.223589
0.140732
0.140732
1.32415
0.0725892
0.223589
0.325448
0.140732
0.0725892
0.0725892
0
5.58963
4.67649
3.74862
3.24663
2.77843
1.99055
1.49575
1.17223
0.910171
0.697906
1.17876
0.797003
1.03292
0.605869
0.450992
0.325448
0.450992
0.223589
0.325448
0.223589
0.140732
0.140732
0.10851
0.223589
0.325448
0.140732
0.0725892
0.0725892
0.0485596
0
9.01209
5.2179
4.18693
3.47789
2.9523
2.35554
1.79034
1.32415
1.03292
0.797003
0.605869
0.450992
0.325448
0.797003
1.03292
0.605869
0.450992
0.273896
0.325448
0.223589
0.182522
0.140732
1.32415
0.10851
0.223589
0.0725892
0.140732
0.0725892
0.0725892
0.0725892
0.140732
0
2.28599
2.6754
2.21287
1.89537
1.53855
1.32952
0.967162
0.605869
0.450992
0.325448
3.35183
4.67649
5.9595
2.12748
0.223589
0.605869
0.797003
0.450992
0.325448
0.223589
0.140732
1.03292
0.140732
0.0725892
0.223589
0.140732
0.0725892
0.0725892
0
6.09866
5.9595
4.67649
3.74862
3.13739
2.69484
2.01226
1.49575
1.17223
0.910171
0.697906
0.605869
0.910171
1.17223
1.49575
0.697906
0.450992
0.52597
0.325448
0.386703
0.273896
0.223589
0.182522
0.140732
0.386703
0.273896
0.10851
0.182522
0.10851
0.0725892
0.0725892
0.0485596
0.0485596
0
4.86015
4.18693
3.47789
2.9523
2.35554
1.79034
1.86363
1.03292
0.797003
0.605869
0.450992
0.325448
0.223589
0.605869
0.450992
0.325448
0.182522
0.797003
0.223589
0.140732
0.10851
0.0725892
0.0725892
0.140732
0.0485596
0
6.01362
4.67649
3.74862
3.13739
2.72463
2.19618
1.49575
1.17223
0.910171
0.697906
0.52597
0.386703
5.822
0.273896
0.697906
0.910171
1.17223
0.52597
0.386703
0.273896
0.182522
0.182522
0.10851
0.10851
0.273896
0.182522
0.0725892
0.10851
0.0485596
0.0485596
0.0485596
0
7.39894
4.67649
3.74862
3.24663
2.72463
2.28261
1.6149
1.17223
0.910171
0.697906
0.52597
0.386703
0.697906
0.910171
0.52597
0.273896
0.386703
0.223589
0.182522
0.273896
0.140732
0.10851
0.0725892
1.17223
0.182522
0.10851
0.0485596
0.0485596
0
5.46616
5.9595
4.18693
3.47789
2.9523
2.49919
1.79034
1.32415
0.925876
0.797003
0.605869
0.450992
1.03292
0.797003
0.605869
0.325448
0.450992
0.223589
0.325448
0.223589
0.140732
0.140732
1.32415
0.0725892
0.223589
0.325448
0.140732
0.0725892
0.0725892
0
4.58834
5.73146
2.99705
3.74862
2.77843
2.34959
1.49575
1.17223
1.03292
0.908111
0.672205
0.797003
0.450992
0.325448
0.605869
0.450992
0.223589
0.325448
0.223589
0.140732
1.32415
0.140732
0.0725892
0.0725892
0.223589
0.140732
0.0725892
0
5.30409
4.67649
5.9595
3.74862
3.13739
2.38828
2.30465
1.68366
1.32415
1.03292
0.797003
0.605869
0.450992
1.03292
1.32415
0.848526
0.325448
0.605869
0.450992
0.325448
0.223589
0.223589
0.140732
0.140732
0.325448
0.223589
0.0725892
0.140732
0.0725892
0.0725892
0.450992
0.0725892
0.140732
0
7.35912
4.67649
3.74862
3.13739
2.77843
2.30465
1.6149
5.822
1.17223
0.910171
0.697906
0.605869
2.6754
0.910171
1.17223
1.49575
0.697906
0.450992
0.52597
0.325448
0.386703
0.273896
0.223589
0.182522
0.140732
0.386703
0.273896
0.52597
0.140732
0.10851
0.182522
0.0725892
0.0725892
0.0725892
0.0485596
0
4.9483
6.46404
3.74862
4.67649
3.24663
2.72463
1.89517
1.49575
1.17223
0.910171
0.697906
0.52597
0.386703
0.910171
0.697906
0.52597
0.273896
1.17223
0.386703
0.273896
0.182522
0.182522
1.49575
0.140732
0.273896
0.10851
0.0725892
0.10851
0.386703
0.182522
0.0725892
0.0485596
0.0485596
0
5.15337
4.18693
3.47789
2.9523
2.35554
2.28588
1.45738
1.03292
5.9595
0.797003
0.605869
2.6754
0.450992
1.0029
1.03292
0.605869
0.325448
0.450992
0.223589
0.325448
1.32415
0.223589
0.140732
0.140732
0.325448
0.223589
0.0725892
0.140732
0.0725892
0.0725892
0.450992
0.0725892
0
5.14712
4.18693
3.47789
2.9523
2.49919
1.79034
1.43302
1.03292
0.797003
0.697906
0.52597
0.386703
0.273896
0.605869
0.450992
0.223589
0.325448
0.910171
0.182522
0.140732
0.10851
0.0725892
0.0725892
0.140732
0.0485596
0
4.12607
5.61802
3.35183
4.18693
2.9523
2.39953
1.81445
1.32415
1.03292
0.797003
0.605869
0.450992
0.386703
0.797003
0.605869
1.03292
0.450992
0.325448
0.223589
0.273896
0.182522
0.140732
0.10851
1.32415
0.273896
0.182522
0.0725892
0.10851
0.0485596
0.0485596
0.0485596
0
5.30138
4.18693
3.47789
2.9523
2.49919
2.12789
1.32415
1.19897
0.797003
0.605869
0.450992
0.325448
0.223589
0.605869
0.797003
0.450992
0.325448
0.223589
0.140732
0.140732
0.0725892
0.0725892
0.140732
0.0725892
0
3.62228
5.9595
3.74862
3.24663
2.72463
1.99055
1.49575
1.17223
0.910171
0.697906
0.605869
0.450992
0.386703
0.52597
0.797003
0.273896
0.325448
0.223589
0.182522
0.140732
1.03292
0.10851
0.0725892
0.140732
0.0725892
0.0485596
0
5.35898
4.67649
6.4907
3.35183
2.6754
2.12748
1.96395
1.45738
1.17223
0.910171
0.697906
0.52597
0.910171
0.697906
0.386703
0.52597
0.273896
0.386703
0.223589
0.182522
0.273896
7.54725
3.35183
2.9523
2.49919
4.18693
6.4907
2.01649
1.32415
1.03292
0.797003
0.605869
0.450992
0.325448
0.797003
1.03292
0.605869
0.450992
0.223589
0.325448
0.223589
0.140732
0.140732
1.32415
0.0725892
0.223589
0.325448
0.140732
0.0725892
0.0725892
0
7.38764
5.2179
4.18693
3.47789
2.9523
2.35554
1.79034
1.32415
1.03292
0.797003
0.605869
0.450992
0.325448
0.797003
1.03292
0.605869
0.450992
0.273896
0.325448
1.32415
0.223589
0.182522
0.140732
0.10851
0.223589
0.0725892
0.140732
0.0725892
0.0485596
0
7.24053
3.74862
3.24663
2.75449
2.36888
4.67649
1.6149
1.17223
0.910171
0.697906
0.52597
0.386703
0.273896
0.697906
0.910171
0.52597
0.386703
0.223589
0.182522
0.273896
0.140732
0.10851
0.0725892
0.182522
0.0725892
0.0485596
0.10851
0
3.25932
6.08729
3.74862
3.24663
2.75449
1.99055
2.15124
1.17223
0.910171
0.697906
0.52597
0.386703
0.273896
0.697906
0.910171
0.52597
0.386703
0.223589
0.182522
0.273896
0.140732
0.10851
0.0725892
0.182522
0.0725892
0.0485596
0.10851
0
4.78021
4.18693
3.47789
2.9523
2.49919
1.79034
1.66606
1.03292
0.797003
0.605869
0.450992
0.325448
0.273896
0.605869
0.797003
0.450992
0.325448
0.223589
0.182522
0.140732
0.10851
0.0725892
0.0725892
0.140732
0.0485596
0
4.92332
4.18693
3.47789
2.9523
5.2179
2.35554
1.68366
1.32415
1.03292
0.797003
0.605869
0.450992
0.386703
0.797003
1.03292
0.605869
0.273896
0.325448
0.223589
0.450992
0.182522
0.140732
0.10851
1.32415
0.0725892
0.223589
0.140732
0.0725892
0.0485596
0.325448
0.0485596
0
8.17211
4.67649
3.74862
3.24663
2.69484
2.30465
1.49575
1.17223
1.095
0.697906
0.52597
5.9595
0.386703
0.697906
0.910171
1.17223
3.74862
0.52597
0.273896
0.386703
0.273896
0.182522
0.182522
0.386703
0.273896
0.10851
0.140732
0.10851
0.0725892
0.182522
0.0725892
0.0485596
0.0485596
0
0
0
0
0
0
0
0
0
0
0
0
7.73319
4.67649
5.822
5.2179
12.4629
6.4907
3.74862
12.4629
3.06762
3.35183
3.35183
3.74862
4.18693
4.18693
3.74862
4.67649
4.18693
2.6754
2.83173
5.2179
5.822
3.13739
10.7005
2.56219
2.56219
2.56219
3.13739
3.13739
2.56219
3.47789
1.84756
1.84756
1.84756
4.67649
1.69896
1.69896
1.42321
1.89517
1.89517
1.89517
1.89517
1.89517
2.6754
2.6754
2.99705
3.35183
1.40416
2.99705
1.49575
1.49575
3.74862
1.49575
1.49575
1.49575
1.49575
1.49575
1.68366
1.68366
1.32415
1.32415
1.17223
1.17223
1.17223
1.17223
1.17223
1.17223
1.17223
1.49575
1.03292
1.03292
1.03292
1.03292
1.03292
0.910171
0.910171
0.910171
0.910171
0.910171
0.910171
0.910171
1.17223
1.32415
0.910171
0.910171
1.68366
1.49575
0.910171
1.17223
2.38828
0.697906
0.697906
2.38828
0.697906
0.697906
3.74862
4.18693
4.18693
0.697906
4.18693
0.605869
0.697906
0.697906
0.605869
0.605869
0.697906
0.605869
0.42935
0.605869
0.697906
0.52597
0.52597
0.52597
0.52597
0.52597
0.697906
0.52597
0.697906
0.697906
0.52597
0.797003
0.797003
0.910171
0.52597
0.52597
0.697906
0.797003
0.910171
0.450992
0.450992
0.450992
0.450992
0.450992
0.450992
0.450992
0.450992
0.450992
0.605869
0.697906
0.797003
0.797003
0.450992
0.450992
0.450992
0.450992
0.797003
0.797003
1.03292
1.68366
0.450992
0.450992
0.797003
1.32415
1.32415
1.32415
0.450992
1.32415
1.68366
0.386703
0.386703
0.386703
0.386703
0.386703
0.77915
0.77915
0.386703
0.386703
0.386703
0.386703
0.77915
0.386703
0.386703
0.386703
0.217713
0.217713
0.217713
0.217713
0.217713
0.217713
0.217713
0.273896
0.273896
0.273896
0.273896
0.273896
0.273896
0.273896
0.273896
0.273896
0.273896
0.325448
0.273896
0.273896
0.273896
0.273896
0.325448
0.325448
0.223589
0.223589
0.52597
0.223589
5.20067
7.78502
4.18693
4.67649
5.822
12.4629
3.74862
3.74862
3.47789
2.64997
4.67649
4.67649
5.2179
8.0354
11.8529
2.48222
3.06762
2.23243
2.23243
2.48222
3.06762
2.01226
2.01226
2.01226
2.01226
2.75959
3.06762
3.35183
3.35183
3.74862
2.06775
2.06775
4.65421
2.87268
10.013
5.822
5.9595
4.18693
6.4907
3.74862
3.74862
4.18693
5.2179
2.83173
3.13739
2.56219
2.56219
3.13739
3.47789
2.32102
2.32102
2.11012
2.11012
2.56219
3.13739
2.11012
4.67649
3.47789
2.6754
5.822
2.01226
5.9595
12.4629
1.64159
4.18693
1.64159
1.64159
1.64159
1.64159
1.81445
1.35339
1.35339
1.35339
1.64159
1.35339
1.23469
1.64159
1.23469
1.48691
1.23469
1.48691
1.48691
1.23469
2.01226
1.23469
2.01226
2.48222
2.23243
1.81445
2.48222
3.35183
1.134
1.134
1.134
3.74862
1.134
1.134
4.18693
1.35339
1.134
1.35339
1.134
1.64159
1.35339
1.48691
1.134
1.134
1.35339
1.64159
1.134
1.81445
1.48691
3.35183
4.18693
3.74862
2.6754
2.6754
2.6754
2.99705
2.99705
2.99705
2.6754
2.6754
2.99705
2.6754
3.35183
4.18693
2.99705
4.18693
2.99705
1.25942
4.18693
1.06236
1.06236
0.887278
0.887278
0.887278
0.887278
0.887278
0.887278
0.887278
0.887278
0.887278
0.967162
0.967162
0.887278
0.887278
0.967162
0.887278
0.887278
1.06236
1.06236
1.29395
0.887278
1.29395
0.816864
0.816864
0.816864
0.816864
0.816864
0.816864
0.816864
0.816864
0.816864
0.612542
0.612542
0.612542
0.612542
0.612542
0.612542
0.612542
0.612542
0.273896
0.273896
0.273896
0.325448
0.325448
0.325448
0.325448
0.325448
0.325448
0.325448
0.325448
0.325448
0.325448
0.325448
0.325448
0.325448
0.325448
0.450992
0.450992
0.450992
0.450992
0.450992
0.450992
0.450992
0.450992
0.52597
0.450992
0.450992
0.450992
0.450992
0.450992
0.52597
0.450992
0.52597
0.52597
0.450992
0.52597
0.450992
0.52597
0.450992
0.52597
1.17223
0.797003
0.52597
0.52597
0.450992
0.52597
0.797003
0.450992
0.450992
0.450992
0.450992
1.49575
0.697906
0.52597
0.450992
1.17223
0.52597
0.697906
1.49575
6.29731
5.9595
4.67649
5.29744
11.8529
4.18693
3.74862
3.74862
2.83173
3.13739
3.13739
2.83173
10.6246
3.47789
4.18693
3.74862
3.35183
2.06047
8.96855
4.18693
5.822
2.11154
6.4907
1.98058
12.4629
2.11154
2.11154
2.51548
1.92547
2.9523
2.9523
2.69484
2.69484
2.46667
2.46667
2.46667
2.46667
2.9523
3.24663
2.18209
2.18209
3.94638
2.04112
1.94822
2.52892
1.36592
1.36592
1.36592
1.36592
1.36592
1.36592
1.49134
1.89517
1.49575
1.49575
2.12748
2.12748
1.49575
1.89517
2.38828
2.12748
1.32415
1.32415
1.32415
3.74862
3.74862
3.74862
3.74862
3.74862
3.74862
3.74862
3.74862
1.17223
1.49501
1.17223
1.17223
1.17223
1.17223
1.17223
1.49575
1.17223
1.49575
1.03292
1.03292
1.03292
1.03292
1.03292
1.03292
1.03292
1.03292
1.49575
1.32415
0.925876
1.89517
1.89517
1.03292
1.32415
1.68366
1.49575
2.12748
2.12748
1.03292
1.03292
0.925876
1.32415
0.910171
1.57494
1.75438
1.03516
0.910171
0.910171
0.910171
0.910171
0.910171
0.910171
0.910171
1.03292
0.797003
0.797003
0.797003
0.797003
0.797003
0.797003
0.797003
0.797003
0.797003
0.797003
0.797003
0.797003
0.797003
0.797003
0.797003
0.797003
0.78054
1.68366
1.17223
1.68366
1.89517
0.697906
0.697906
1.89517
2.38828
0.52597
0.52597
0.804518
0.52597
0.52597
0.605869
0.605869
0.605869
0.605869
0.52597
0.605869
0.605869
0.605869
0.697906
0.605869
0.605869
0.697906
0.605869
0.605869
0.52597
0.697906
0.450992
0.450992
0.450992
0.450992
0.450992
0.450992
0.450992
0.450992
0.450992
0.605869
0.450992
0.482655
0.605869
0.605869
0.697906
0.450992
0.386703
0.484067
0.386703
0.386703
0.484067
0.386703
0.386703
0.386703
0.386703
0.52597
0.816864
0.816864
0.386703
0.887278
0.325448
0.325448
0.325448
0.325448
0.43669
0.325448
0.43669
4.42821
4.18693
12.4629
5.2179
5.9595
4.28851
2.92494
4.36762
2.99705
2.99705
2.00162
2.6754
2.6754
3.35183
1.64159
1.64159
8.02855
3.74862
4.67649
5.2179
5.822
6.4907
3.11717
4.18693
1.81445
1.81445
5.2179
2.01226
2.01226
2.01226
1.64159
2.23243
2.01226
2.23243
1.64159
1.64159
2.23243
1.48691
1.48691
2.23243
2.48222
2.23243
2.48222
2.48222
2.48222
2.48222
1.48691
1.48691
1.48691
1.134
1.134
1.134
1.134
1.44545
1.44545
1.44545
1.36044
1.23469
1.23469
1.35339
1.35339
1.35339
1.35339
1.48691
1.04535
1.81445
1.04535
1.04535
1.04535
2.99705
2.99705
2.99705
2.99705
2.99705
2.99705
2.99705
2.99705
0.697906
0.697906
0.697906
0.697906
0.697906
0.797003
0.697906
0.697906
0.797003
0.697906
0.925876
0.756211
0.910171
1.68366
1.68366
0.955612
1.68366
1.03292
0.697906
0.797003
1.68366
1.03292
1.17223
1.17223
1.17223
0.697906
0.697906
1.68366
0.697906
0.910171
1.17223
1.03292
1.32415
1.32415
0.697906
1.68366
0.697906
0.910171
0.910171
2.38828
2.38828
2.38828
0.273896
0.325448
0.325448
0.325448
0.325448
0.325448
0.386703
0.386703
0.386703
0.386703
0.386703
0.450992
0.450992
0.450992
0.450992
0.450992
0.450992
0.450992
0.450992
0.450992
0.450992
0.450992
0.450992
0.450992
0.450992
0.325448
0.325448
0.325448
0.386703
0.450992
0.273896
0.273896
0.273896
0.273896
0.273896
0.450992
0.450992
0.273896
0.273896
0.450992
0.273896
0.605869
0.605869
0.605869
0.605869
0.605869
0.605869
0.605869
0.605869
0.605869
0.605869
0.605869
0.605869
0.273896
0.273896
0.273896
0.273896
0.325448
0.273896
0.386703
0.325448
0.273896
0.273896
0.450992
0.450992
0.52597
0.52597
0.52597
0.52597
0.52597
0.52597
0.52597
0.52597
0.605869
0.52597
0.450992
0.52597
0.52597
0.605869
0.52597
0.52597
5.53266
2.65511
1.63348
4.67649
5.822
11.8529
1.27172
1.41298
1.41298
1.14459
1.32773
1.64352
1.75438
1.75438
1.69546
2.38828
2.38828
2.6754
2.99705
3.35183
3.35183
3.35183
2.6754
3.35183
3.74862
4.67649
4.67649
2.21287
2.21287
2.21287
2.21287
2.21287
2.46464
1.9347
2.6754
3.74862
3.74862
2.6754
2.6754
1.68366
1.68366
3.74862
1.49575
1.49575
1.89517
1.89517
1.89517
1.49575
1.89517
1.03292
1.03292
1.03292
1.17223
1.17223
1.17223
1.03292
0.814318
0.925876
1.32415
1.32415
1.32415
0.925876
1.32415
1.49575
2.12748
0.910171
0.910171
0.910171
0.910171
1.03292
0.797003
0.797003
0.797003
1.04535
0.797003
0.797003
1.03292
0.797003
0.697906
1.32415
1.32415
1.32415
0.697906
0.697906
0.697906
0.797003
0.697906
0.697906
0.697906
0.697906
1.03292
0.910171
0.697906
0.925876
0.756211
1.03292
1.32415
1.32415
0.605869
1.89517
0.746009
1.49575
0.605869
1.68366
1.68366
0.605869
0.605869
2.6754
0.605869
0.605869
0.697906
1.03166
1.03166
0.450992
0.450992
0.450992
0.450992
0.450992
0.450992
0.450992
0.450992
0.450992
0.52597
0.52597
0.52597
0.52597
0.52597
0.405305
0.52597
0.52597
0.52597
0.605869
0.450992
0.797003
0.605869
0.450992
0.605869
1.17223
0.450992
0.450992
0.450992
0.450992
1.03292
1.03292
1.03292
0.797003
0.450992
0.52597
0.450992
1.68366
0.605869
0.858884
1.0029
1.89517
0.910171
1.32088
0.450992
0.450992
0.450992
0.605869
0.605869
0.858884
0.697906
2.6754
0.812976
0.325448
0.325448
3.35183
2.99705
0.750634
0.325448
0.325448
0.325448
0.325448
0.325448
0.325448
0.325448
0.325448
0.325448
0.325448
0.325448
0.386703
0.325448
0.325448
0.386703
0.325448
0.325448
0.605869
0.325448
0.325448
0.325448
0.386703
0.605869
0.325448
0.325448
0.217713
0.325448
0.605869
0.325448
0.325448
0.325448
0.217713
0.605869
0.386703
0.325448
0.325448
0.605869
0.325448
1.17223
0.605869
0.325448
0.605869
0.386703
0.217713
0.217713
0.217713
0.217713
0.386703
0.217713
0.399751
0.386703
1.17223
0.273896
0.273896
0.273896
0.273896
0.273896
0.182522
0.182522
0.182522
0.182522
0.182522
0.182522
0.182522
0.471981
0.48933
0.223589
0.223589
0.223589
0.223589
0.223589
0.223589
0.223589
0.182522
0.223589
0.223589
0.223589
0.223589
0.182522
0.223589
0.223589
0.182522
0.182522
0.182522
0.223589
0.182522
0.182522
0.182522
0.182522
0.223589
0.182522
0.223589
0.182522
0.273896
0.182522
0.182522
0.223589
0.223589
0.182522
0.182522
0.182522
0.223589
0.450992
0.182522
0.223589
0.182522
0.182522
0.223589
0.182522
0.182522
0.223589
0.386703
0.182522
0.450992
0.182522
0.250751
0.223589
0.182522
0.223589
0.223589
0.223589
0.323389
0.250751
0.273896
0.386703
0.182522
0.577498
0.887278
0.577498
0.612542
0.577498
0.577498
0.577498
0.612542
0.612542
0.182522
0.273896
0.182522
0.273896
0.182522
0.273896
0.182522
0.612542
0.711327
0.700607
0.785708
0.577498
0.697906
0.697906
1.03292
0.182522
0.471981
0.45028
0.273896
0.182522
0.273896
0.686175
0.182522
0.273896
0.115327
0.115327
0.559901
0.115327
0.273896
0.115327
0.115327
0.375602
0.140732
0.140732
0.731102
0.140732
1.25622
1.25622
1.25622
1.25622
1.25622
0.140732
0.140732
0.140732
0.140732
0.140732
0.140732
0.140732
0.140732
0.140732
0.140732
0.10851
0.10851
0.10851
0.10851
0.10851
0.10851
0.10851
0.10851
0.10851
0.10851
0.10851
0.10851
0.10851
0.10851
0.10851
0.10851
0.10851
0.10851
0.0725892
0.0725892
0.0725892
0.0725892
0.0725892
0.0725892
0.0725892
0.0725892
0.0725892
0.0725892
0.0725892
0.0725892
0.0725892
0.0725892
0.0725892
0.0725892
0.0725892
0.0725892
0.0725892
0.0725892
0.0725892
0.0725892
0.0725892
0.0725892
0.0725892
0.0725892
0.10851
0.0725892
0.0725892
0.0725892
0.0725892
0.0725892
0.0725892
0.10851
0.0725892
0.0725892
0.0725892
0.0725892
0.0725892
0.0725892
0.0725892
0.0725892
0.0725892
0.0725892
0.0725892
0.0725892
0
6.7785
4.67649
3.74862
3.24663
5.822
2.38828
2.14804
1.49575
1.17223
0.910171
0.697906
0.52597
0.386703
0.910171
1.17223
0.697906
0.52597
0.273896
0.386703
0.273896
0.182522
1.49575
0.182522
0.140732
0.386703
0.273896
0.10851
0.10851
0.0725892
0.182522
0.0725892
0.0485596
0.0485596
0
4.7169
4.67649
3.74862
3.24663
2.75449
2.30465
1.6149
1.17223
0.910171
0.697906
0.605869
0.797003
1.03292
0.605869
0.450992
0.325448
0.450992
0.223589
0.325448
0.223589
0.140732
0.140732
0.10851
0.223589
0.325448
0.140732
0.0725892
0.0725892
0.0485596
0
8.80078
4.67649
3.74862
3.24663
2.77843
1.99055
1.49575
1.54807
1.06236
5.822
0.697906
0.52597
0.386703
0.910171
0.697906
0.52597
0.273896
1.17223
0.386703
0.273896
0.182522
0.182522
2.6754
0.273896
0.140732
0.10851
0.0725892
0.10851
0.386703
0.182522
0.0725892
0.0485596
0.0485596
0
4.13553
3.74862
3.24663
2.75449
2.44586
2.15124
1.17223
0.910171
0.697906
0.52597
0.386703
0.273896
2.6754
0.804518
0.77915
0.635546
0.697906
0.273896
0.182522
0.10851
0.910171
0.10851
0.0725892
0.0485596
0.182522
0.0485596
0
