43
36
43
43
36
43
37
43
29
46
24
26
26
27
28
29
30
31
32
33
34
35
36
37
38
39
40
41
42
43
44
45
46
47
48
49
50
51
52
53
54
55
56
57
58
59
60
61
62
63
64
65
66
67
68
69
70
71
72
73
74
75
76
77
78
79
80
81
82
83
84
85
86
87
88
89
90
91
92
93
94
95
96
97
98
99
26
27
28
29
30
31
32
33
34
35
36
37
38
39
40
41
42
43
44
45
46
47
48
49
50
51
52
53
54
55
56
57
58
59
60
61
62
63
64
65
66
67
68
69
70
71
72
73
74
75
76
77
78
79
80
81
82
83
84
85
86
87
88
89
90
91
92
93
94
95
96
97
98
99
24
25
26
27
28
29
30
31
32
33
34
35
36
37
38
39
40
41
42
43
44
45
46
47
48
49
50
51
52
53
54
55
31
32
33
34
35
36
37
38
39
40
41
42
43
44
45
46
47
48
49
50
51
52
53
54
55
56
57
58
59
60
61
62
63
64
65
66
67
68
69
70
71
72
73
74
75
76
77
78
79
80
81
82
83
84
85
86
87
88
89
90
91
92
93
94
95
96
97
98
99
26
27
28
29
30
31
32
33
34
35
36
37
38
39
40
41
42
43
44
45
46
47
48
49
50
51
52
53
54
55
56
57
58
59
60
61
62
63
64
65
66
67
68
69
70
71
72
73
74
75
76
77
78
79
80
81
82
83
84
85
86
87
88
89
90
91
92
93
94
95
26
27
28
29
30
31
32
33
34
35
36
37
38
39
40
41
42
43
44
45
46
47
48
49
24
25
26
27
28
29
30
31
32
33
34
35
36
37
38
39
40
41
42
43
44
45
46
47
48
49
26
27
28
29
30
31
32
33
34
35
36
37
38
31
23
121
185
109
149
162
130
153
109
131
157
164
141
141
151
158
134
126
120
312
127
192
126
202
117
131
184
104
115
149
105
149
111
152
145
138
177
159
182
309
170
155
186
105
146
96
84
97
107
172
142
161
128
289
96
142
132
103
128
103
225
82
181
105
112
131
170
129
102
173
105
147
120
114
165
99
189
145
121
265
257
131
165
113
105
135
121
189
118
121
124
167
100
145
117
121
149
226
150
163
187
112
114
104
150
148
173
123
83
161
133
195
171
118
94
91
202
135
162
155
141
257
136
124
118
186
154
110
118
128
358
125
98
125
138
132
136
104
236
96
104
129
119
150
124
252
112
121
131
145
156
121
141
121
155
184
308
143
127
158
147
109
300
153
136
164
125
149
162
123
144
152
111
122
155
152
169
132
127
112
92
102
186
189
100
218
159
111
100
129
137
95
126
91
112
103
109
101
127
109
152
141
248
257
151
122
102
133
166
138
114
211
98
196
140
76
141
104
186
138
102
138
114
124
98
127
92
103
143
244
172
196
200
122
149
154
177
105
175
110
125
142
175
127
157
134
126
143
131
93
126
156
123
177
136
112
149
124
166
108
106
108
108
82
189
115
107
102
178
136
116
173
165
120
134
177
145
123
226
153
159
143
273
159
130
162
111
121
147
141
103
117
155
147
173
88
146
117
89
129
161
229
114
109
191
143
134
110
222
111
121
138
148
158
113
126
109
81
120
126
143
186
183
127
149
147
145
138
135
119
148
122
130
165
154
80
70
136
98
213
133
84
88
163
93
134
134
167
123
138
139
137
289
123
111
121
118
120
171
148
156
137
186
188
122
113
149
100
110
104
94
124
102
200
169
153
172
170
111
135
123
101
130
94
143
92
145
107
178
161
129
112
143
141
121
202
112
176
151
155
130
112
140
170
139
93
163
184
102
171
142
122
211
152
285
125
130
146
127
101
132
127
110
138
137
111
193
224
101
164
152
127
168
122
130
90
198
145
175
178
127
189
174
105
127
228
140
111
250
147
106
122
103
118
215
129
102
121
166
123
151
123
128
160
96
127
112
154
150
94
149
94
133
224
105
133
119
124
128
162
107
155
158
302
114
169
170
115
95
162
111
115
148
169
114
176
152
224
170
113
164
207
156
117
140
114
109
154
108
125
122
119
130
134
104
135
158
179
126
138
119
132
133
196
120
136
84
154
204
131
119
191
147
139
125
105
146
112
89
196
169
150
143
216
101
168
140
144
122
122
176
128
206
139
131
109
117
142
149
113
213
86
87
118
122
124
118
171
171
104
142
87
106
170
114
170
128
130
123
134
94
122
113
172
112
225
112
146
104
172
112
207
132
107
140
145
172
177
186
270
262
122
172
161
230
105
131
131
105
167
124
117
176
189
146
87
200
133
172
86
105
122
110
125
167
159
138
218
107
155
136
134
104
139
115
130
191
94
152
145
99
133
184
138
118
166
133
151
155
150
83
135
102
117
105
136
108
132
119
121
119
132
113
166
115
140
139
237
147
151
108
184
109
121
133
254
104
142
176
115
305
127
153
156
129
173
163
156
173
149
169
104
131
122
336
168
184
166
194
162
141
206
158
143
274
137
149
178
123
95
148
119
131
160
130
139
111
146
135
142
138
129
123
130
145
253
304
130
240
151
157
300
150
121
160
112
146
141
145
118
163
111
174
155
130
169
117
102
104
124
151
208
111
121
137
120
115
101
127
115
187
168
134
145
121
141
116
114
147
232
120
180
157
198
92
112
119
135
177
123
114
100
145
110
107
233
126
104
131
155
153
142
145
157
180
138
141
168
148
110
117
154
137
163
147
184
158
79
267
138
120
131
131
160
157
130
227
122
159
130
132
230
177
119
122
170
116
142
116
138
203
129
205
202
118
104
188
121
174
110
120
152
140
105
194
140
173
124
133
127
109
70
117
176
158
138
155
172
167
142
122
194
157
124
113
120
138
147
179
121
65
116
94
111
153
141
266
105
144
128
149
140
195
96
166
109
132
151
143
102
101
169
127
142
111
142
136
149
81
120
140
131
170
160
117
78
113
140
152
183
139
116
129
139
150
138
178
137
265
143
124
131
157
122
104
126
201
116
95
137
113
101
142
85
140
111
226
110
171
179
99
138
127
145
160
138
131
111
138
200
102
147
183
184
107
246
112
189
146
102
116
161
123
218
187
129
139
111
307
102
130
102
222
155
149
148
137
122
123
135
133
138
123
107
110
227
169
204
138
124
120
138
83
178
116
149
124
150
117
117
150
126
115
121
163
112
128
152
165
156
191
241
118
193
97
131
193
141
161
155
137
161
261
112
103
154
131
121
196
110
141
175
173
121
135
150
141
134
113
141
151
206
111
121
162
99
138
119
129
151
108
141
216
184
123
120
290
112
136
94
138
151
206
134
190
166
124
115
167
117
149
160
120
163
117
136
137
171
136
197
136
124
101
181
132
65
133
189
136
111
189
148
160
234
210
158
197
131
139
115
140
176
128
103
124
112
116
154
296
122
190
104
148
162
172
210
151
90
119
130
109
143
133
104
133
114
247
129
91
120
93
160
111
97
158
142
208
185
168
132
141
185
159
134
157
167
111
145
127
253
143
145
181
128
168
191
132
177
179
253
151
111
91
150
101
155
107
130
127
175
104
194
114
100
111
119
140
177
114
132
178
121
172
131
156
116
97
351
139
119
124
141
109
349
338
119
144
153
160
126
134
139
280
134
121
125
91
149
129
128
127
132
136
251
123
182
151
239
253
163
107
206
114
118
180
115
136
203
180
122
102
149
140
102
212
138
104
114
145
98
126
140
178
133
105
97
315
144
125
152
116
191
115
96
121
199
130
98
178
118
93
143
121
164
133
198
114
124
125
177
122
150
108
129
116
121
118
169
132
133
122
111
109
100
113
125
198
106
121
234
107
116
194
78
167
86
137
118
296
119
186
92
132
110
107
137
123
177
97
130
133
130
101
120
87
137
109
155
149
120
128
138
119
285
114
129
121
125
128
143
133
103
94
157
119
149
160
104
120
147
171
94
141
133
143
88
123
110
119
122
105
114
176
159
104
138
166
112
116
153
102
214
162
179
132
193
110
102
118
259
120
104
104
172
156
177
104
118
105
123
212
150
115
146
135
112
91
165
93
54
165
140
147
120
120
167
111
127
214
250
138
79
96
87
117
114
127
116
126
111
101
113
290
209
132
136
116
178
103
148
102
142
193
165
136
130
127
135
152
99
156
175
212
149
176
153
181
135
161
138
212
109
164
133
150
134
150
148
110
155
157
148
111
105
146
131
165
165
152
152
134
157
97
114
184
194
142
137
155
126
142
160
180
115
163
126
155
140
129
221
124
104
152
196
115
169
120
144
114
159
152
136
120
116
130
114
140
162
94
170
110
185
107
131
165
165
179
119
190
165
117
146
137
31
26
28
25
26
26
31
27
31
33
24
26
28
26
24
28
24
31
24
26
28
28
24
28
44
51
45
46
38
57
66
44
62
58
44
58
47
62
52
58
63
58
56
58
65
46
52
43
64
57
51
49
58
60
65
48
53
47
58
55
55
61
62
63
63
71
64
60
56
51
50
47
57
61
56
51
61
58
57
48
67
55
56
63
47
48
62
54
65
57
62
45
45
54
44
57
49
42
61
52
41
63
54
53
53
44
47
50
35
55
53
54
47
63
57
54
64
51
57
56
57
58
53
65
57
50
51
63
46
38
58
64
67
55
52
59
66
59
58
51
40
66
45
70
62
53
45
59
52
42
54
56
64
51
47
63
58
50
52
66
56
57
45
57
56
55
46
49
56
45
66
52
76
45
60
53
60
56
60
54
57
51
51
50
53
55
54
52
46
48
51
52
45
54
45
55
43
61
62
63
55
52
60
60
47
64
62
46
52
61
56
56
61
62
51
57
60
62
58
38
67
52
57
52
255
344
173
299
199
245
203
288
418
244
282
131
419
372
343
301
296
334
143
338
263
322
284
282
331
322
141
183
278
374
271
300
302
261
223
275
111
160
215
250
252
308
359
281
249
317
262
257
295
315
239
312
359
246
371
383
184
244
362
409
359
282
288
117
158
180
282
334
347
283
279
175
262
229
229
211
203
285
239
312
326
260
211
383
312
260
341
263
208
274
161
271
174
246
334
316
270
314
244
290
360
236
334
205
161
136
350
179
458
240
337
246
280
240
253
229
323
219
260
248
292
243
290
330
344
240
316
328
316
392
289
376
268
205
296
217
132
317
299
350
207
239
131
275
192
256
317
214
257
251
161
247
288
300
206
250
170
207
298
191
212
340
245
272
227
292
311
185
233
242
179
219
301
195
140
285
275
348
252
250
330
280
311
346
269
86
285
306
213
310
214
289
376
261
301
290
220
157
286
344
456
814
546
455
366
399
540
869
383
418
486
489
392
338
553
495
626
460
571
800
666
668
715
523
549
865
444
537
615
805
772
647
880
417
399
352
756
806
522
759
520
489
490
444
630
752
545
541
395
805
537
576
564
443
974
509
690
609
270
893
577
496
759
365
514
359
798
589
479
403
468
461
401
475
677
392
407
877
465
842
359
391
850
545
501
676
359
417
582
579
613
507
568
454
461
443
442
927
887
906
769
330
674
486
773
663
464
433
763
708
482
578
494
393
965
568
405
684
731
569
432
780
468
327
764
543
454
847
437
751
679
320
444
532
616
591
481
614
507
527
469
976
724
830
580
515
430
521
366
576
418
524
620
509
872
540
441
559
731
472
632
623
745
648
489
569
956
399
674
486
916
494
447
792
626
525
474
503
785
708
612
727
401
544
422
389
606
738
487
524
520
40
41
42
43
44
45
46
47
48
49
50
51
52
53
54
55
56
57
58
59
60
61
62
63
64
65
66
67
68
69
70
71
72
73
74
75
76
77
78
79
80
81
82
83
84
85
86
87
88
89
90
91
92
93
94
95
96
97
98
99
100
101
102
103
104
105
106
107
108
109
110
111
112
113
114
115
116
117
118
119
120
121
122
123
124
125
126
127
128
129
130
131
132
133
134
135
136
137
138
139
140
141
142
143
144
145
146
147
148
149
150
151
152
153
154
155
156
157
158
159
160
161
162
163
164
165
166
167
168
169
170
171
172
173
174
175
176
177
178
179
180
181
182
183
184
185
186
187
188
189
190
191
192
193
194
195
196
197
198
199
24
25
26
27
28
29
30
31
32
33
34
35
36
37
38
39
40
41
42
43
44
45
46
47
48
49
50
51
52
53
54
55
56
57
58
59
60
61
62
63
64
65
66
67
68
69
70
71
72
73
74
75
76
77
78
79
80
81
82
83
84
85
86
87
88
89
90
91
92
93
94
95
96
97
98
99
100
101
102
103
104
105
106
107
108
109
110
111
112
113
114
115
116
117
118
119
120
121
122
123
124
125
126
127
128
129
130
131
132
133
134
135
136
137
138
139
140
141
142
143
144
145
146
147
148
149
150
151
152
153
154
155
156
157
158
159
160
161
162
163
164
165
166
167
168
169
170
171
172
173
174
175
176
177
178
179
180
181
182
183
184
185
186
187
188
189
190
191
192
193
194
195
196
197
198
199
31
32
33
34
35
36
37
38
39
40
41
42
43
44
45
46
47
48
49
50
51
52
53
54
55
56
57
58
59
60
61
62
63
64
65
66
67
68
69
70
71
72
73
74
75
76
77
78
79
80
81
82
83
84
85
86
87
88
89
90
91
92
93
94
95
96
97
98
99
100
101
102
103
104
105
106
107
108
109
110
111
112
113
114
115
116
117
118
119
120
121
122
123
124
125
126
127
128
129
130
131
132
133
134
135
136
137
138
139
140
141
142
143
144
145
146
147
148
149
150
151
152
153
154
155
156
157
158
159
160
161
162
163
164
165
166
167
168
169
170
171
172
173
174
175
176
177
178
179
180
181
182
183
184
185
186
187
188
189
190
191
192
193
194
195
196
197
198
199
40
41
42
43
44
45
46
47
48
49
50
51
52
53
54
55
56
57
58
59
60
61
62
63
64
65
66
67
68
69
70
71
72
73
74
75
76
77
78
79
80
81
82
83
84
85
86
87
88
89
90
91
92
93
94
95
96
97
98
99
100
101
102
103
104
105
106
107
108
109
110
111
112
113
114
115
116
117
118
119
120
121
122
123
124
125
126
127
128
129
130
131
132
133
134
135
136
137
138
139
140
141
142
143
144
145
146
147
148
149
150
151
152
153
154
155
156
157
158
159
160
161
162
163
164
165
166
167
168
169
170
171
172
173
174
175
176
177
178
179
180
181
182
183
184
185
186
187
188
189
190
191
192
193
194
195
196
197
198
199
33
34
35
36
37
38
39
40
41
42
43
44
45
46
47
48
49
50
51
52
53
54
55
56
57
58
59
60
61
62
63
64
65
66
67
68
69
70
71
72
73
74
75
76
77
78
79
80
81
82
83
84
85
86
87
88
89
90
91
92
93
94
95
96
97
98
99
100
101
102
103
104
105
106
107
26
33
31
35
28
27
37
29
29
31
28
33
31
27
35
25
31
24
26
29
29
27
27
25
31
33
34
35
36
37
38
39
40
41
42
43
44
420
33
29
33
26
25
178
142
