60
71
50
48
49
56
51
93
55
57
48
65
51
50
58
54
73
62
57
65
67
64
63
55
69
95
50
54
65
97
68
69
97
47
47
52
91
70
62
84
56
48
47
46
72
66
61
98
58
71
40
83
56
60
73
61
78
46
74
71
36
86
73
56
62
77
46
71
42
69
61
48
44
48
71
45
44
46
57
40
46
76
48
68
41
41
71
60
46
68
41
45
57
72
52
53
50
50
83
44
47
49
45
73
69
76
73
37
59
48
69
61
60
45
41
69
76
60
69
44
52
50
50
88
53
45
64
64
50
43
65
47
42
65
51
48
73
45
63
64
42
48
57
55
53
51
56
51
51
47
80
66
69
51
51
42
52
44
60
47
56
54
50
71
48
43
50
60
48
61
56
66
58
48
54
83
40
62
54
72
48
46
63
56
48
64
49
74
62
56
65
41
50
47
48
60
63
46
50
49
3489
3750
3650
3609
147
168
165
153
175
166
196
156
147
159
152
143
54093
158
133
20877
170
154
19511
18537
17224
17958
36836
3146
2724
3253
5105
5346
53251
44538
